-157.9231435
21.31844641
4.94065645841247E-324
16.32335477
-157.9231435
21.31844641
4.94065645841247E-324
16.3230491
-157.9231435
21.31844641
4.94065645841247E-324
16.32338347
-157.9231435
21.31844641
4.94065645841247E-324
16.32338373
-157.9231435
21.31844641
4.94065645841247E-324
16.32337831
-157.9231435
21.31844641
4.94065645841247E-324
16.32338421
-157.9231435
21.31844641
4.94065645841247E-324
16.32325611
-157.9231435
21.31844641
4.94065645841247E-324
16.32338456
-157.9231435
21.31844641
4.94065645841247E-324
16.3220752
-157.9231435
21.31844641
4.94065645841247E-324
16.3220752
-157.9231435
21.31844641
4.94065645841247E-324
16.32338483
-157.9231435
21.31844641
4.94065645841247E-324
16.32317903
-157.9231435
21.31844641
4.94065645841247E-324
16.32311079
-157.9231435
21.31844641
4.94065645841247E-324
16.32227363
-157.9231435
21.31844641
4.94065645841247E-324
16.32338878
-157.9231435
21.31844641
4.94065645841247E-324
16.32259679
-157.9231435
21.31844641
4.94065645841247E-324
16.321272
-157.9231435
21.31844641
4.94065645841247E-324
16.32112651
-157.9231435
21.31844641
4.94065645841247E-324
16.32289892
-157.9231435
21.31844641
4.94065645841247E-324
16.32289892
-157.9231435
21.31844641
4.94065645841247E-324
16.32181428
-157.9231435
21.31844641
4.94065645841247E-324
16.32146263
-157.9231435
21.31844641
4.94065645841247E-324
16.32146382
-157.9231435
21.31844641
4.94065645841247E-324
16.32114316
-157.9231435
21.31844641
4.94065645841247E-324
16.32114316
